x_0 = repmat(20,[2,1]);
N = 100000;
delta1 = 1e-10;
c = 0.1;
rho = 0.5;
alpha = 1;